#include "heuristics.h"


namespace reversi::heuristics {

    const double weights[8][8] = {
            {16.160, -3.575,  1.160,  0.530,  0.530,  1.160, -3.575, 16.160},
            {-3.575, -1.810, -0.060, -0.225, -0.225, -0.060, -1.810, -3.575},
            { 1.160, -0.060,  0.510,  0.015,  0.015,  0.510, -0.060,  1.160},
            { 0.530, -0.225,  0.015, -0.010, -0.010,  0.015, -0.225,  0.530},
            { 0.530, -0.225,  0.015, -0.010, -0.010,  0.015, -0.225,  0.530},
            { 1.160, -0.060,  0.510,  0.015,  0.015,  0.510, -0.060,  1.160},
            {-3.575, -1.810, -0.060, -0.225, -0.225, -0.060, -1.810, -3.575},
            {16.160, -3.575,  1.160,  0.530,  0.530,  1.160, -3.575, 16.160}
    };

}
